
Training collaborative filtering...
D =

 Columns 1 through 5:

   8.8304e-01  -8.3419e-01   1.7680e+00  -8.1067e-01  -2.2580e-01
  -4.7020e-01   3.5064e+00  -4.0169e+00  -2.1775e+00   8.2535e-01
   1.7586e+00  -2.2222e+00  -1.8325e+00  -4.8456e-01  -5.6110e+00
  -6.5225e-01  -9.6955e-01   4.0749e-01   3.4406e+00  -1.1613e+00
   1.0131e+00  -1.6639e+00  -2.8218e+00  -2.8770e+00   8.7335e-01
  -2.1675e+00   2.2961e+00   1.8253e+00   1.7868e+00  -2.6093e+00
   1.3408e-01  -8.0814e-01  -3.1085e+00  -2.8815e-01   5.0954e+00
  -1.6691e+00   4.2404e+00  -8.0349e-01   6.3636e-01  -6.8410e+00
  -1.5919e+00   4.1896e+00  -3.1357e+00  -3.2506e+00   5.8701e-01
  -4.9838e+00   7.3361e+00  -1.9766e+00  -2.8667e+00   6.7341e-01
  -1.0307e+00  -1.8849e+00  -1.9671e+00   2.4298e+00  -7.6966e+00
   2.0428e-01  -1.6153e+00  -3.6218e+00   2.1417e+00  -6.7902e+00
  -3.2213e+00   1.5187e+00   1.2964e+00   1.2387e+00  -4.2609e-01
  -1.3352e+00   2.1412e+00   2.6585e+00   5.5621e-01   9.3710e-01
   5.4467e-01   1.5818e-01  -1.9768e+00   2.7769e-01  -6.1729e+00
   1.5933e+00  -5.1224e+00  -2.6624e+00  -9.0308e-01   6.7468e-01
   3.5550e-02   1.8605e+00   1.9659e+00   5.7791e-01   5.3967e+00
   7.1175e-01  -2.8317e+00  -4.7724e+00  -3.1621e+00  -1.8684e+00
   1.6765e+00  -1.2946e+00   3.1237e-01  -1.1164e+00  -6.0803e+00
  -1.3771e+00  -1.8700e+00  -5.5026e-01   1.8752e+00  -1.1479e+00
   5.5538e-02   2.8438e+00   1.4270e+00   2.8549e+00   6.9491e+00
   2.3352e+00  -2.2733e-01   3.7678e+00   2.1382e-01   8.6407e-01
  -5.4129e+00   5.2424e+00  -2.4555e+00   3.5373e+00  -2.9733e+00
  -3.5865e-01  -8.4405e-01  -7.7090e-01  -2.7288e-01  -3.3655e+00
   5.3370e-01   2.4442e+00   1.6415e+00  -3.1971e+00   4.6905e+00
  -1.2190e+00   1.6563e+00  -7.1639e-01  -3.1928e+00   6.3127e+00
   6.9856e-01   9.7611e-01  -2.6819e+00  -1.8410e+00   5.3683e+00
   2.7498e+00  -4.6851e+00   1.8817e+00   1.3342e+00   6.3557e-01
   3.6298e+00  -4.0400e+00   1.6744e+00   5.1591e-01  -2.4258e+00
   9.3261e-02   3.8479e+00  -2.6207e-01  -7.7696e-01   3.0749e+00
  -3.4840e+00   5.0008e+00  -9.0280e-01   1.1200e+00   1.4888e+00
   9.1560e-01  -3.6968e+00  -2.9624e+00   9.0569e-02   1.0452e+00
  -2.8831e-01  -9.1001e-01  -3.0050e+00   9.4062e-01  -1.2934e+00
   1.0622e+00  -1.7720e+00  -6.3852e-01  -1.9989e+00  -2.4989e+00
   5.5223e-01   9.8987e-01   4.2913e+00   2.1863e+00  -3.8670e+00
  -1.9133e+00   3.4970e+00  -2.7646e+00   5.2045e-01  -1.2324e+00
  -5.7569e+00   7.1598e+00  -6.4455e-01  -1.0183e+00   4.6948e+00
  -2.1137e+00   4.6984e+00   2.0981e+00   2.3504e+00  -5.3649e+00
   2.1579e+00  -2.3258e+00   1.6858e+00  -1.4540e+00   1.3923e+00
  -1.1971e+00   1.8167e+00  -4.1244e+00   6.9294e-01  -5.0431e+00
  -2.1452e+00   1.3217e+00  -1.2717e+00  -7.4149e-02   1.1862e+00
  -4.7216e-01  -8.5296e-01  -1.5372e+00  -1.1585e+00   2.3813e+00
  -4.6786e+00   5.2338e+00  -3.5970e+00  -1.4201e+00   8.3886e-01
   2.6053e+00  -2.9683e+00  -4.0849e+00  -2.5366e-01   9.1292e-01
   3.4842e-01  -3.1027e+00  -2.7095e+00  -4.7351e-01   6.5794e-01
  -6.3638e-01  -9.5829e-03  -2.7891e+00  -2.5570e-01   1.6882e+00
   1.6138e+00  -1.7845e+00  -4.8778e+00  -6.0563e+00   1.1273e+00
   9.5174e-01  -8.6559e-01  -2.1216e+00  -2.8375e+00   2.9795e+00
  -1.6225e+00   1.1537e+00  -3.6119e+00   2.2673e+00  -2.7227e+00
  -1.1711e+00   2.2069e+00   2.3307e+00  -2.3593e+00   5.2688e+00
   2.9100e+00  -6.5420e+00   1.0711e+00   8.9382e-01   3.9580e+00
   1.5497e+00  -2.2758e+00   2.5693e+00  -7.1274e-01   1.1160e+00
   2.9875e-01  -2.2874e-01  -2.0173e+00  -1.9453e+00  -9.3334e-01
  -3.0438e-02   1.5362e+00  -1.4048e+00  -2.7823e+00   1.9692e+00
  -2.7326e+00  -6.4150e-01  -2.6855e-01  -1.7002e+00  -5.5118e-02
  -1.7398e-02   1.9567e+00   5.3739e+00   1.2974e+00   2.1906e+00
  -1.7454e+00  -8.3552e-01   3.2096e+00   1.6765e+00   1.7982e+00
  -1.5396e+00  -1.1763e-01   6.0891e-01  -1.0075e+00  -4.9826e+00
   2.3996e+00  -2.8968e+00   3.0523e+00   1.4335e+00   1.4222e+00
  -2.6906e+00   3.7762e+00  -1.1383e+00  -2.1082e+00  -5.9097e-01
   8.5050e-01   1.2846e+00  -1.5385e+00  -2.9119e-01   1.8777e+00
   7.4582e-01  -2.4897e+00  -2.0873e+00  -1.5389e-01  -1.3240e-01
   9.1979e-01   1.4568e+00  -3.7777e+00  -2.8379e+00  -3.2371e+00
   1.1807e+00   8.3512e-01   2.0911e-01   2.9917e-01   1.7381e+00
  -2.1377e+00   4.2092e-01  -3.8499e+00  -1.6369e+00   1.3068e+00
   5.7685e+00  -4.1736e+00   1.2395e+00   1.3051e+00  -6.3070e+00
   2.0153e+00   1.0926e+00   2.5405e+00   8.0579e-01   1.7360e+00
  -1.8236e+00   2.7172e+00  -4.5352e+00   6.0527e-01  -1.0606e+01
  -6.5258e-01  -4.7946e-01  -9.7812e-01   8.9738e-01  -6.7602e+00
  -2.0139e+00   4.3757e+00  -4.5475e-01   1.5642e+00  -2.7191e+00
   3.3383e+00  -1.9712e+00   1.8808e+00  -2.0846e+00   6.3572e+00
   2.5042e+00  -1.6619e+00   8.5167e-01   1.8096e+00  -4.0309e+00
  -1.6931e+00   3.2491e+00   2.6144e+00  -1.9835e-01   7.0988e+00
  -7.5509e-01   1.4606e+00  -2.6775e-01   7.0429e-01  -6.4832e+00
  -8.5713e-01  -3.1496e+00  -5.9917e+00   5.8475e-01  -2.6964e+00
   3.4546e+00  -4.0675e+00   3.8477e+00   3.1106e-01   5.8264e+00
   7.3877e-01  -3.7455e+00  -4.6726e+00  -1.3703e+00   5.9561e+00
   2.8312e+00  -4.9259e-01   6.6892e+00   3.4593e-01   5.0131e+00
   2.1836e+00  -4.4585e+00   6.0448e-01  -1.3459e+00  -3.9626e+00
  -1.3324e+00   1.7340e+00   1.8089e+00   6.4300e-01   7.5141e+00
  -2.2222e+00  -9.3723e-02  -2.3216e+00  -2.1928e+00  -1.8645e+00
   2.8601e+00  -2.3441e+00   3.1269e+00   1.7873e+00   2.0355e+00
  -4.0259e+00   5.2682e+00  -3.7853e+00   1.8314e+00  -2.6051e+00
   1.8746e+00  -2.5848e+00   4.3091e+00   1.2244e+00   2.3537e+00
   2.2985e-01   5.8037e-01   1.1123e+00  -1.9965e+00  -3.0691e-01
   1.7180e+00  -2.1742e+00   3.0382e+00   1.5934e+00  -1.9891e+00
   7.4995e-01  -1.0877e+00  -8.8703e-01  -1.1795e+00   2.2499e+00
  -2.5827e+00   2.3746e+00  -1.9025e+00  -2.0349e+00  -2.9027e+00
  -4.5386e+00   3.6634e+00  -3.9709e+00  -2.7192e+00   3.6552e+00
  -1.6940e+00   3.2505e+00  -2.6513e-01  -1.6040e+00   2.2260e+00
  -9.8282e-01  -1.6952e+00  -5.1299e+00  -1.7571e+00  -1.2581e+00
  -1.5893e+00   1.0682e+00  -1.2205e+00  -2.4807e-01   4.1545e+00
   1.1808e+00  -3.7040e+00   5.6142e-01   9.4638e-01  -1.8218e+00
   3.1734e+00  -2.4374e+00  -3.5288e-01   3.7098e+00  -4.6215e+00
   2.2669e-02   4.4937e-01  -6.8269e+00  -5.0766e+00  -2.4796e+00
  -4.2845e+00   4.1886e+00   2.8977e+00   1.3778e+00   6.2754e+00
   2.0113e+00  -1.4065e+00   4.0869e-01   2.1140e+00  -9.7043e-01
  -1.0906e+00   2.3274e+00  -3.9095e+00   3.7210e+00   1.0048e+00
   3.0708e-01   1.4457e+00  -3.7986e+00  -4.9866e+00   7.8485e+00
  -1.6520e+00   1.9382e+00   1.5038e+00  -3.7348e-01   3.2042e+00
   2.4258e-01   1.4610e+00   3.0740e+00   2.8557e+00   2.6649e+00
  -1.4269e+00  -1.1929e+00  -7.5787e-01   7.6610e-01   3.4998e+00
   2.0883e+00  -8.6025e-01  -2.6710e+00  -1.6276e+00  -2.4445e+00
  -1.5453e+00   1.1700e+00  -7.3203e-01  -2.9571e-01   2.7531e+00
  -8.3188e-01   2.9660e+00  -1.3041e-01  -2.0129e+00   5.1112e+00
  -4.2242e-01  -2.0176e+00   3.8145e+00   5.3285e+00   1.4062e+00
   3.5542e+00  -6.7762e+00  -1.6956e+00  -1.8789e+00   1.8705e+00
  -5.4277e-01  -1.7748e+00  -1.0589e+00  -4.2373e-01  -8.4162e+00
   1.2896e+00  -1.3939e+00  -2.5110e+00  -7.9676e-01  -4.6617e-01
  -8.9027e-01   1.2242e+00  -8.4667e+00  -2.0854e+00  -7.1145e+00
  -8.9545e-01  -8.6829e-01  -3.7882e+00  -3.1186e-01  -5.3864e+00
  -3.1546e+00   6.4406e+00   1.6027e+00   1.3562e+00   2.2643e+00
  -1.2274e+00  -1.1266e+00   1.2632e+00   6.5208e-02  -5.7331e+00
  -4.4934e+00   2.8292e+00  -5.5750e+00  -2.4572e+00   4.3830e+00
  -7.5296e-02  -1.2068e+00   3.1320e+00  -3.1511e-01   4.2850e+00
  -1.8412e-01   1.1283e+00   2.0186e+00  -2.9318e-01   3.1451e+00
   1.0157e+00   6.2262e-01   4.2965e+00  -2.6786e+00   1.3290e+00
   3.8199e+00  -3.3075e+00  -2.2653e+00  -2.7615e+00  -2.1423e+00
  -1.9142e+00   3.6019e+00  -5.1137e+00   1.0957e+00   3.1200e+00
  -4.4946e-01   2.6126e+00   1.8301e+00   1.0018e+00   1.2642e-01
